140987506
140995474
140977146
140983052
140991074
140972496
140937654
140928218
140936626
140927333
140944575
140944033
140963777
140917111
140910368
140907691
140827912
140630282
140629106
140557091
140556397
140566102
140574852
140564481
140552019
140551714
140561460
140692113
140691416
140621548
140602319
140621371
140602107
140621177
140410771
140408223
140407728
137397423
137610615
137602264
137599209
137588604
137579578
136907402
141008317
141025244
141024944
141007378
141014149
141012495
141020314
140999330
140959018
140966420
140966213
140966027
